0.0	0.0	0.0
0.0	0.0	0.0
0.0	0.0	0.0
0.0	0.0	0.0
0.0	0.0	0.0
0.0	0.0	0.0
0.0	0.0	0.0
0.0	0.0	0.0
0.0	0.0	0.0
0.0	0.0	0.0
0.0	0.0	0.0
0.0	0.0	0.0
0.0	0.0	0.0
0.0	0.0	0.0
0.0	0.0	0.0
0.0	0.0	0.0
0.0	0.0	0.0
0.0	0.0	0.0
0.0	0.0	0.0
0.0	0.0	0.0
0.0	0.0	0.0
0.0	0.0	0.0
0.0	0.0	0.0
0.0	0.0	0.0
0.0	0.0	0.0
0.0	0.0	0.0
0.0	0.0	0.0
0.0	0.0	0.0
0.0	0.0	0.0
0.0	0.0	0.0
0.0	0.0	0.0
0.0	0.0	0.0
0.0	0.0	0.0
0.0	0.0	0.0
0.0	0.0	0.0
0.0	0.0	0.0
0.0	0.0	0.0
0.0	0.0	0.0
0.0	0.0	0.0
0.0	0.0	0.0
0.0	0.0	0.0
0.0	0.0	0.0
0.0	0.0	0.0
0.0	0.0	0.0
0.0	0.0	0.0
0.0	0.0	0.0
0.0	0.0	0.0
0.0	0.0	0.0
0.0	0.0	0.0
0.0	0.0	9.80135268543617e-61
0.0	0.0	4.534941946760361e-59
0.0	0.0	1.070194163991721e-57
0.0	0.0	1.7168439426714198e-56
0.0	0.0	2.1055661104603725e-55
0.0	0.0	2.104996624256811e-54
0.0	0.0	1.7863179268847507e-53
0.0	0.0	1.3230686555430799e-52
0.0	0.0	8.728491575837844e-52
0.0	0.0	5.208774284849179e-51
0.0	0.0	2.8460198671539765e-50
0.0	0.0	1.4377620425207454e-49
0.0	0.0	6.7696607233906716e-49
0.0	0.0	2.9908041159706005e-48
0.0	0.0	1.2468531363923186e-47
0.0	0.0	4.929031576791482e-47
0.0	0.0	1.8554788617140703e-46
0.0	0.0	6.675690870609365e-46
0.0	0.0	2.3029715885646854e-45
0.0	0.0	7.639757265903294e-45
0.0	0.0	2.443321815510789e-44
0.0	0.0	7.55072311968141e-44
0.0	0.0	2.2594421506056708e-43
0.0	0.0	6.558908579839007e-43
0.0	0.0	1.8501987016290163e-42
0.0	0.0	5.0796707966511977e-42
0.0	0.0	1.3592524239816055e-41
0.0	0.0	3.5495931958263317e-41
0.0	0.0	9.057175758323449e-41
0.0	0.0	2.2606050292667645e-40
0.0	0.0	5.524850042923572e-40
0.0	0.0	1.3234098507603721e-39
0.0	0.0	3.109793345024773e-39
0.0	0.0	7.174490804486117e-39
0.0	0.0	1.6263289632816802e-38
0.0	0.0	3.6249103810668417e-38
0.0	0.0	7.949720379774291e-38
0.0	0.0	1.716517728714611e-37
0.0	0.0	3.6512896042274492e-37
0.0	0.0	7.655796404264439e-37
0.0	0.0	1.583110462068162e-36
0.0	0.0	3.230179221413981e-36
0.0	0.0	6.506426516333278e-36
0.0	0.0	1.2943565691534487e-35
0.0	0.0	2.54416715720289e-35
0.0	0.0	4.943027547577576e-35
0.0	0.0	9.49648071908113e-35
0.0	0.0	1.8047333236948585e-34
0.0	0.0	3.3938673237731246e-34
4.362524792496327e-101	0.0	6.3175956778875946e-34
3.830715428012452e-99	0.0	1.1644502769522175e-33
1.698930094733875e-97	0.0	2.125851853872022e-33
5.073646104061252e-96	0.0	3.8451465803097187e-33
1.1476882242803405e-94	0.0	6.892552846864612e-33
2.097364226286985e-93	0.0	1.2247540961949593e-32
3.225209254537918e-92	0.0	2.1578871670190946e-32
4.292106187084567e-91	0.0	3.7707217011221674e-32
5.045765880619476e-90	0.0	6.536371461648261e-32
5.3226595879637684e-89	0.0	1.1242476530920993e-31
5.100731398025529e-88	0.0	1.9190794990547299e-31
4.485037380462537e-87	0.0	3.251761808004594e-31
3.648356029757768e-86	0.0	5.470473470549994e-31
2.7644998399145346e-85	0.0	9.138900336966467e-31
1.9627565084336615e-84	0.0	1.5163698226698222e-30
1.3123018463415531e-83	0.0	2.4993950760775694e-30
8.298872982918669e-83	0.0	4.093143074930511e-30
4.982978892468862e-82	0.0	6.661042538212962e-30
2.8504679888207296e-81	0.0	1.0773561258703917e-29
1.5581555695422039e-80	0.0	1.7321054045613677e-29
8.161051027167294e-80	0.0	2.768542516034307e-29
4.1056132071824034e-79	0.0	4.3999897997791e-29
1.9882088639650662e-78	0.0	6.954011815352763e-29
9.286802670760776e-78	0.0	1.0931007522231538e-28
4.191629488555434e-77	0.0	1.709156533704115e-28
1.8312077117812512e-76	0.0	2.658608819217755e-28
7.755275680385262e-76	0.0	4.114626025093075e-28
3.188427888174117e-75	0.0	6.336659352388596e-28
1.2742193000372495e-74	0.0	9.711662770380043e-28
4.955951722275822e-74	0.0	1.4814184384715001e-27
1.8780847720834317e-73	0.0	2.2493604907493168e-27
6.941686690571716e-73	0.0	3.400027369805396e-27
2.5049711144275995e-72	0.0	5.1167163942393746e-27
8.833383971390341e-72	0.0	7.667047287559038e-27
3.046575865770945e-71	0.0	1.1440206489027241e-26
1.0285098774606489e-70	0.0	1.6999979623233397e-26
3.401314518385654e-70	0.0	2.5159993089253613e-26
1.1026512657612629e-69	0.0	3.709009029737313e-26
3.5065199260428094e-69	0.0	5.446620940807466e-26
1.0945578747244901e-68	0.0	7.968084342429629e-26
3.355738330742696e-68	0.0	1.1613760154046004e-25
1.011051479659459e-67	0.0	1.6866215768294378e-25
2.995231502129307e-67	0.0	2.440737767311915e-25
8.729387013631999e-67	0.0	3.519777289116365e-25
2.5040707967010634e-66	0.0	5.05860671747525e-25
7.07329844246167e-66	0.0	7.246003982482193e-25
1.9683546316881043e-65	0.0	1.0345407361234591e-24
5.398526336891241e-65	0.0	1.4723351579689096e-24
1.4598686799807212e-64	0.0	2.0888332027008153e-24
3.893923333357543e-64	0.0	2.954377865301654e-24
1.0248423175252551e-63	0.0	4.166007227101791e-24
2.662421848995754e-63	0.0	5.857219641079763e-24
6.829587753192297e-63	0.0	8.211181642016742e-24
1.7304196961278748e-62	0.0	1.1478548210633088e-23
4.331951018706037e-62	0.0	1.600144791843501e-23
1.0718181785896996e-61	0.0	2.22456891519074e-23
2.6217389036638993e-61	0.0	3.084390476222068e-23
6.341746853490008e-61	0.0	4.265321855412714e-23
1.5173834204321262e-60	0.0	5.88321492306688e-23
3.5921976452966335e-60	0.0	8.094294458473751e-23
8.416101169878356e-60	0.0	1.110874622160781e-22
1.9518704210467685e-59	0.0	1.5208721288879242e-22
4.482085162660824e-59	0.0	2.0772142538598671e-22
1.0192824997812215e-58	0.0	2.8304119032224447e-22
2.2960814176746355e-58	0.0	3.847831666530822e-22
5.1244584738398186e-58	0.0	5.219133349101886e-22
1.1333481610976963e-57	0.0	7.063402960385665e-22
2.484375201835046e-57	0.0	9.538492035612482e-22
5.398716837508469e-57	0.0	1.2853222889046342e-21
1.1632199778587445e-56	0.0	1.728330992794413e-21
2.485461270324018e-56	0.0	2.31920908408029e-21
5.267438792404487e-56	0.0	3.1057472623664225e-21
1.1074153937474418e-55	0.0	4.1506894051948146e-21
2.3099851651549017e-55	0.0	5.536261101516504e-21
4.781479699263857e-55	0.0	7.370025257768746e-21
9.822789434118876e-55	0.0	9.792440940448361e-21
2.003040447297295e-54	0.0	1.2986604697890817e-20
4.05497419776053e-54	0.0	1.7190783969009612e-20
8.150595002659084e-54	0.0	2.2714516808277854e-20
1.6268631602202895e-53	0.0	2.9959259720348804e-20
3.224996465155923e-53	0.0	3.944482671265294e-20
6.3500685475699165e-53	0.0	5.1843191169045205e-20
1.2420854445327736e-52	0.0	6.80216344827816e-20
2.413792344844082e-52	0.0	8.909774220272353e-20
4.660943116182518e-52	0.0	1.1650939527526814e-19
8.943796529651002e-52	0.0	1.5210371234552312e-19
1.705656929310282e-51	0.0	1.9824990791836807e-19
3.233175866664958e-51	0.0	2.5798228839229033e-19
6.092280005127448e-51	0.0	3.351811725061034e-19
1.1412666230256905e-50	0.0	4.348014669739328e-19
2.1256602298363678e-50	0.0	5.631610408194687e-19
3.936785106771607e-50	0.0	7.283040319106937e-19
7.250556223984391e-50	0.0	9.404579194599727e-19
1.3280741217573784e-49	0.0	1.2126077692636246e-18
2.4195429230904073e-49	0.0	1.5612167023834626e-18
4.384722293520019e-49	0.0	2.007128594208705e-18
7.904700390368007e-49	0.0	2.5766975730056895e-18
1.4177486284680043e-48	0.0	3.3031994118460058e-18
2.529989136107358e-48	0.0	4.228592827891914e-18
4.4923952119104375e-48	0.0	5.405714542601717e-18
7.937991408755374e-48	0.0	6.9010113496832774e-18
1.3958841909910388e-47	0.0	8.797936150807144e-18
2.443015564017006e-47	0.0	1.1201163876739136e-17
4.255713946228019e-47	0.0	1.4241818527750874e-17
7.379357443458234e-47	0.0	1.808394558261903e-17
1.2737801937406502e-46	0.0	2.2932516351520732e-17
2.188918092895672e-46	0.0	2.904331441862014e-17
3.745003454482649e-46	0.0	3.673513145329343e-17
6.379558596879043e-46	0.0	4.6404793139871316e-17
1.08211183081271e-45	0.0	5.854564910229462e-17
1.8277786439790722e-45	0.0	7.377029744366769e-17
3.074477110309637e-45	0.0	9.28384796052966e-17
5.150398950981941e-45	0.0	1.1669128030131634e-16
8.593253449695296e-45	0.0	1.4649300699492337e-16
1.4280591758126474e-44	0.0	1.8368241169926392e-16
2.363909312792013e-44	0.0	2.300352642403496e-16
3.897940016462374e-44	0.0	2.877407016844882e-16
6.402984675588879e-44	0.0	3.594942766310329e-16
1.047841331549326e-43	0.0	4.48611223130029e-16
1.7084279829514823e-43	0.0	5.591641715498937e-16
2.775286488350178e-43	0.0	6.96150394539232e-16
4.492110644188711e-43	0.0	8.656946809046642e-16
7.245120658070974e-43	0.0	1.075295142874494e-15
1.1644317336843273e-42	0.0	1.3341207002025e-15
1.86498767334873e-42	0.0	1.6533706933740995e-15
2.9768115058635576e-42	0.0	2.046709106415563e-15
4.735432920518536e-42	0.0	2.5307882843546776e-15
7.507930000795494e-42	0.0	3.1258798777150536e-15
1.1864563196197452e-41	0.0	3.856634114145631e-15
1.8688429540085383e-41	0.0	4.7529924758647465e-15
2.934279950031101e-41	0.0	5.851283556388039e-15
4.592570352204313e-41	0.0	7.195537403545233e-15
7.165609822275819e-41	0.0	8.839060170415553e-15
1.1145788283133616e-40	0.0	1.0846318556681109e-14
1.7284055186483506e-40	0.0	1.3295192521407175e-14
2.6722332165995928e-40	0.0	1.6279665305945223e-14
4.1192038285802596e-40	0.0	1.9913032178639496e-14
6.331090060866642e-40	0.0	2.4331723797051416e-14
9.702547732554988e-40	0.0	2.9699857019604805e-14
1.4826912001541402e-39	0.0	3.6214645779852493e-14
2.2593761347414116e-39	0.0	4.411282771511705e-14
3.433320100714922e-39	0.0	5.367828913670933e-14
5.2028675158822093e-39	0.0	6.525110223779286e-14
7.863003873206818e-39	0.0	7.923822484119778e-14
1.1851293845869234e-38	0.0	9.612615527639738e-14
1.7815116652345923e-38	0.0	1.1649588403847356e-13
2.670982542522161e-38	0.0	1.4104054074600882e-13
3.9941698655441944e-38	0.0	1.7058620074786628e-13
5.957561385657702e-38	0.0	2.0611639186268348e-13
8.863601774613372e-38	0.0	2.4880092968617753e-13
1.3154206478713684e-37	0.0	3.000298113948563e-13
1.947352510148278e-37	0.0	3.6145301496986913e-13
2.8758258988088194e-37	0.0	4.3502718548487146e-13
4.236733069830529e-37	0.0	5.230703450669116e-13
6.226762797788559e-37	0.0	6.283259412024081e-13
9.129947358112374e-37	0.0	7.540377524474416e-13
1.3355519925223777e-36	0.0	9.040374049569691e-13
1.9491782848277052e-36	0.0	1.082846521682695e-12
2.8382592155683976e-36	0.0	1.2957958332378683e-12
4.123572107412863e-36	0.0	1.5491639305053673e-12
5.9776065056628846e-36	0.0	1.8503387399383887e-12
8.646179119687885e-36	0.0	2.208005259758654e-12
1.2478866272924735e-35	0.0	2.6323636162862076e-12
1.797176335204633e-35	0.0	3.1353820927203537e-12
2.582744319917048e-35	0.0	3.7310904571047034e-12
3.7038863605910624e-35	0.0	4.435919682317847e-12
5.300655836907583e-35	0.0	5.269095020313817e-12
7.570199552142472e-35	0.0	6.253090378411463e-12
1.0789485154283437e-34	0.0	7.414153061595222e-12
1.5346860735015908e-34	0.0	8.782909207566733e-12
2.1785796405246148e-34	0.0	1.0395061668496345e-11
3.0865397241676396e-34	0.0	1.2292193704856941e-11
4.364396402635407e-34	0.0	1.4522693674337317e-11
6.159417014163215e-34	0.0	1.7142817946962397e-11
8.676153135086944e-34	0.0	2.0217911583130254e-11
1.2198205360381798e-33	0.0	2.3823808904097646e-11
1.7118063211851187e-33	0.0	2.8048438997406504e-11
2.3977945022479163e-33	0.0	3.2993664469142996e-11
3.352559658742916e-33	0.0	3.877738542076228e-11
4.679039793277068e-33	0.0	4.5535944734536555e-11
6.518699470940466e-33	0.0	5.342687534691757e-11
9.065617380811688e-33	0.0	6.263203532644303e-11
1.258560530940188e-32	0.0	7.3361182310621e-11
1.7442113241063336e-32	0.0	8.585604525846487e-11
2.4131272701632848e-32	0.0	1.0039495861204793e-10
3.332922635502492e-32	0.0	1.1729813190817885e-10
4.5955950591955543e-32	0.0	1.3693363672370956e-10
6.326118410232127e-32	0.0	1.597242026663406e-10
8.69399404986054e-32	0.0	1.86154925036549e-10
1.1928755302600694e-31	0.0	2.167819988937122e-10
1.6340746568287467e-31	0.0	2.52242607678382e-10
2.234892982010679e-31	0.0	2.9326610940087303e-10
3.05180399696289e-31	0.0	3.4068667984262443e-10
4.1608159467112635e-31	0.0	3.954575903815514e-10
5.664076723111959e-31	0.0	4.5866731810859997e-10
7.69866100453411e-31	0.0	5.315577080259677e-10
1.0448244013219824e-30	0.0	6.155444314980266e-10
1.4158588300495903e-30	0.0	7.122400119689558e-10
1.9158060345188457e-30	0.0	8.234797184873994e-10
2.588477298788056e-30	0.0	9.513506600259125e-10
3.492244436419916e-30	0.0	1.0982244492071794e-09
4.704770831911484e-30	0.0	1.2667938431244554e-09
6.329244948773714e-30	0.0	1.460113811764767e-09
8.502582526043835e-30	0.0	1.6816475314254175e-09
1.1406204997226727e-29	0.0	1.9353178517946366e-09
1.5280184800545408e-29	0.0	2.2255648414062657e-09
2.0441785288312804e-29	0.0	2.5574100773609565e-09
2.730972937245244e-29	0.0	2.9365284119425437e-09
3.6435926689491787e-29	0.0	3.3693280214847465e-09
4.8546899285386013e-29	0.0	3.863039622024366e-09
6.45978029910792e-29	0.0	4.425815822405768e-09
8.584278709583526e-29	0.0	5.0668416791005266e-09
1.1392652126912528e-28	0.0	5.796457618629644e-09
1.5100311293491567e-28	0.0	6.6262960037095354e-09
1.9989042564485013e-28	0.0	7.569432738705996e-09
2.642700975965267e-28	0.0	8.640555439325735e-09
3.4894648650230656e-28	0.0	9.85614983139049e-09
4.6018150636825455e-28	0.0	1.1234706194748296e-08
6.06127093395078e-28	0.0	1.2796947831640286e-08
7.973831202865968e-28	0.0	1.456608371495734e-08
1.0477163219561376e-27	0.0	1.6568087661624388e-08
1.3749856439737974e-27	0.0	1.8832006580715325e-08
1.802331936311078e-27	0.0	2.1390300565740884e-08
2.359705791617756e-27	0.0	2.4279217836817245e-08
3.0858274528015968e-27	0.0	2.7539207792105192e-08
4.030698198588529e-27	0.0	3.121537570003796e-08
5.2588148500547505e-27	0.0	3.535798285549882e-08
6.853279770496367e-27	0.0	4.0022996335373245e-08
8.921050139735051e-27	0.0	4.5272692822928784e-08
1.1599635103928139e-26	0.0	5.117632132744948e-08
1.5065631046343233e-26	0.0	5.78108300066853e-08
1.9545587953373484e-26	0.0	6.52616627062213e-08
2.5329828974770646e-26	0.0	7.362363126310581e-08
3.27900074133394e-26	0.0	8.300187008231529e-08
4.2401388758949264e-26	0.0	9.35128799852128e-08
5.477110023700264e-26	0.0	1.052856688504423e-07
7.067390937871489e-26	0.0	1.1846299712107773e-07
9.109749210229079e-26	0.0	1.332027368387178e-07
1.1729964925490277e-25	0.0	1.4967935348700404e-07
1.5088055269055632e-25	0.0	1.6808552058516887e-07
1.9387387766212051e-25	0.0	1.8863387766812786e-07
2.488616445495677e-25	0.0	2.1155894302475033e-07
3.191187953587047e-25	0.0	2.3711919334170548e-07
4.0879502527538533e-25	0.0	2.655993232181072e-07
5.231432461764635e-25	0.0	2.9731269837746843e-07
6.688063627123871e-25	0.0	3.326040173096085e-07
8.541768973179915e-25	0.0	3.7185219702747236e-07
1.0898475371855461e-24	0.0	4.154734996236322e-07
1.3891750520608454e-24	0.0	4.639249173598013e-07
1.7689854406967176e-24	0.0	5.177078351212034e-07
2.250454843569988e-24	0.0	5.773719902172362e-07
2.8602090008924978e-24	0.0	6.435197507116126e-07
3.631694193660937e-24	0.0	7.168107347200173e-07
4.606885115936805e-24	0.0	7.979667944221657e-07
5.838410518946764e-24	0.0	8.877773898987551e-07
7.392196388459945e-24	0.0	9.871053793228013e-07
9.350749653825144e-24	0.0	1.0968932535097718e-06
1.1817233938614285e-23	0.0	1.2181698443621292e-06
1.492052381463623e-23	0.0	1.3520575383315836e-06
1.8821466829245214e-23	0.0	1.4997800276665818e-06
2.372063495919411e-23	0.0	1.662670633913161e-06
2.9867911187171914e-23	0.0	1.842181239893946e-06
3.7574335125071364e-23	0.0	2.039891868202188e-06
4.72267270780561e-23	0.0	2.25752094611458e-06
5.930572635300236e-23	0.0	2.4969362987470766e-06
7.440802143162881e-23	0.0	2.760166914250826e-06
9.327372224647857e-23	0.0	3.0494155268690683e-06
1.1682003472311841e-22	0.0	3.367072065748562e-06
1.461826528255727e-22	0.0	3.715728019518709e-06
1.8276659300567052e-22	0.0	4.098191768815538e-06
2.283085715694178e-22	0.0	4.5175049411333725e-06
2.8495348068810027e-22	0.0	4.976959844631138e-06
3.5534806999593176e-22	0.0	5.480118039799497e-06
4.427556076054376e-22	0.0	6.030830110205359e-06
5.511961005257237e-22	0.0	6.633256695867726e-06
6.85617628144364e-22	0.0	7.29189085517854e-06
8.521055174502779e-22	0.0	8.011581823659288e-06
1.058137505475005e-21	0.0	8.797560240233093e-06
1.3128947413343159e-21	0.0	9.655464914087088e-06
1.627640534947089e-21	0.0	1.0591371207594642e-05
2.0161812308014836e-21	0.0	1.1611821113154922e-05
2.4954265550342423e-21	0.0	1.272385510418094e-05
3.0860703502382083e-21	0.0	1.3935045842819325e-05
3.813416891000858e-21	0.0	1.525353382930715e-05
4.708383102324844e-21	0.0	1.6688065080155095e-05
5.8087131468550155e-21	0.0	1.8248030924582718e-05
7.160449199954075e-21	0.0	1.994351001081142e-05
8.819711025041212e-21	0.0	2.178531261593389e-05
1.085484746883774e-20	0.0	2.3785027355115003e-05
1.3349035541174709e-20	0.0	2.5955070387827645e-05
1.6403417709995873e-20	0.0	2.8308737220676555e-05
2.0140885882057234e-20	0.0	3.0860257208102276e-05
2.4710641788495808e-20	0.0	3.362485085387375e-05
3.029368878315409e-20	0.0	3.6618790017759755e-05
3.7109440134610926e-20	0.0	3.985946113310294e-05
4.542366462720936e-20	0.0	4.336543154219324e-05
5.555803271433084e-20	0.0	4.71565190573359e-05
6.790157680307858e-20	0.0	5.125386485631964e-05
8.292443892067484e-20	0.0	5.5680009821598906e-05
1.0119434969546547e-19	0.0	6.0458974432895514e-05
1.2339636624648953e-19	0.0	6.5616342323086e-05
1.5035649552157587e-19	0.0	7.117934760715594e-05
1.8306994655722711e-19	0.0	7.717696609365665e-05
2.227348932178494e-19	0.0	8.364001048747919e-05
2.7079279190810887e-19	0.0	9.060122969184865e-05
3.2897649086633984e-19	0.0	9.809541231622469e-05
3.9936759399169453e-19	0.0	0.00010615949449525694
4.844648086300273e-19	0.0	0.0001148326721220708
5.87265320220205e-19	0.0	0.0001241565175969357
7.113616051970993e-19	0.0	0.00013417510118978026
8.610565263907207e-19	0.0	0.00014493511711205102
1.0415000632090843e-18	0.0	0.0001564860143900515
1.258851624767035e-18	0.0	0.0001688801326281302
1.5204725924871456e-18	0.0	0.0001821728427458991
1.8351545565729914e-18	0.0	0.00019642269276904276
2.2133896678833208e-18	0.0	0.0002116915587482123
2.6676906460025166e-18	0.0	0.00022804480087497569
3.2129692922134714e-18	0.0	0.0002455514248578038
3.8669838833091785e-18	0.0	0.0002642842486146032
4.65086760420449e-18	0.0	0.0002843200743313487
5.589752255125584e-18	0.0	0.0003057398659289172
6.713503890101911e-18	0.0	0.00032862893197226447
8.057589862189269e-18	0.0	0.0003530771140476226
9.664100030298874e-18	0.0	0.0003791789806244093
1.1582948695267024e-17	0.0	0.00040703402640903833
1.3873288262427835e-17	0.0	0.0004367468771877937
1.6605170770576633e-17	0.0	0.000468427500145376
1.9861499393349458e-17	0.0	0.0005021914196346532
2.374031893565676e-17	0.0	0.0005381599383615428
2.835750236064659e-17	0.0	0.0005764603639368297
3.384989965893098e-17	0.0	0.0006172262407340741
4.037902610314916e-17	0.0	0.000660597586979613
4.813537933690689e-17	0.0	0.0007067211369869885
5.734348907902861e-17	0.0	0.0007557505884339759
6.826781976934042e-17	0.0	0.0008078468545657386
8.121966556943443e-17	0.0	0.0008631783211925072
9.656519913633764e-17	0.0	0.0009219211083346028
1.1473486093707735e-16	0.0	0.0009842593363515858
1.3623430505637085e-16	0.0	0.0010503853963758634
1.616571510249343e-16	0.0	0.0011205002248542131
1.9169982979645436e-16	0.0	0.0011948135819834429
2.271788563489749e-16	0.0	0.0012735443338087763
2.690509123023662e-16	0.0	0.0013569207377356156
3.184361803608319e-16	0.0	0.0014451807311870607
3.766454393679424e-16	0.0	0.0015385722231210262
4.452115055043931e-16	0.0	0.001637353388102002
5.2592569302991715e-16	0.0	0.0017417929626034913
6.208800685169073e-16	0.0	0.0018521705431979675
7.325163874957414e-16	0.0	0.0019687768862718534
8.636827338129007e-16	0.0	0.002091914208883577
1.0176990320348475e-15	0.0	0.0022218964903632466
1.198432774447515e-15	0.0	0.002359049774232955
1.410386499465561e-15	0.0	0.002503712470007185
1.6587987808081476e-15	0.0	0.002656235654413364
1.949760740263228e-15	0.0	0.0028169833715532278
2.2903503853579643e-15	0.0	0.002986332931506512
2.6887874014061396e-15	0.0	0.0031646752068594758
3.154611400422839e-15	0.0	0.003352414926622053
3.698887053141406e-15	0.0	0.0035499709669790307
4.334440011424274e-15	0.0	0.003757776638302587
5.076128074126799e-15	0.0	0.00397627996783591
5.941152668258304e-15	0.0	0.004205943977440449
6.949416418405925e-15	0.0	0.004447246955782745
8.123933371292252e-15	0.0	0.004700682724320711
9.49129934073233e-15	0.0	0.00496676089643387
1.1082230854244997e-14	0.0	0.00524600712902731
1.2932182330821319e-14	0.0	0.0055389633659252095
1.5082052416255192e-14	0.0	0.005846188072356601
1.757899186631895e-14	0.0	0.006168256459823821
2.047732701937852e-14	0.0	0.006505760700632689
2.3839614761618565e-14	0.0	0.006859310131353155
2.7737846985348227e-14	0.0	0.007229531444469771
3.225482490225683e-14	0.0	0.007617068867473142
3.7485726230587917e-14	0.0	0.008022584328636412
4.353989126317177e-14	0.0	0.008446757608714921
5.054285718122255e-14	0.0	0.008890286477802559
5.863867375025271e-14	0.0	0.009353886816574977
6.79925377676892e-14	0.0	0.009838292721147803
7.879378838041792e-14	0.0	0.010344256590777447
9.125931071402397e-14	0.0	0.010872549197632852
1.0563740121989197e-13	0.0	0.011423959737868904
1.2221215482465615e-13	0.0	0.01199929586323606
1.4130844143965733e-13	0.0	0.01259938369246607
1.6329754774560332e-13	0.0	0.013225067801680729
1.8860356950854529e-13	0.0	0.013877211193079206
2.17710650116986e-13	0.0	0.014556695241169667
2.511711726772608e-13	0.0	0.01526441961582298
2.896150259986368e-13	0.0	0.01600130218143986
3.3376007928796356e-13	0.0	0.016768278871538186
3.844240165183121e-13	0.0	0.017566303538084374
4.425376994154801e-13	0.0	0.01839634777491152
5.091602480171419e-13	0.0	0.01925940071458768
5.854960500181155e-13	0.0	0.020156468798119987
6.729139348595518e-13	0.0	0.02108857551690454
7.729687760111675e-13	0.0	0.02205676112635786
8.874258154209221e-13	0.0	0.02306208233069341
1.0182880379807072e-12	0.0	0.024105611938336144
1.1678269614250571e-12	0.0	0.025188438487498997
1.3386172487211372e-12	0.0	0.026311665841478496
1.5335755961369473e-12	0.0	0.027476412753260772
1.756004401244643e-12	0.0	0.028683812399065704
2.0096407716236094e-12	0.0	0.029935011880494838
2.29871149751621e-12	0.0	0.031231171694987816
2.627994680750995e-12	0.0	0.032573465174333474
3.0028887885310904e-12	0.0	0.03396307789102376
3.4294899848960683e-12	0.0	0.03540120703228294
3.914678685574289e-12	0.0	0.03688906074164959
4.46621638438922e-12	0.0	0.03842785742803581
5.09285391228215e-12	0.0	0.04001882504223566
5.804452414360402e-12	0.0	0.04166320032090433
6.6121184672575146e-12	0.0	0.04336222799807957
7.52835490967693e-12	0.0	0.04511715998436843
8.567229124562418e-12	0.0	0.04692925451397449
9.744560693285183e-12	0.0	0.04879977525979424
1.1078130542065912e-11	0.0	0.050729990416865024
1.2587913920193663e-11	0.0	0.05272117175450209
1.4296339790232682e-11	0.0	0.054774593637517334
1.6228579474240593e-11	0.0	0.05689153201696852
1.8412867689131828e-11	0.0	0.059073263390944195
2.0880859420953637e-11	0.0	0.06132106373594609
2.3668026434424774e-11	0.0	0.06363620740948778
2.6814097593240337e-11	0.0	0.06601996602458587
3.0363547581200335e-11	0.0	0.06847360729687653
3.436613906722766e-11	0.0	0.07099839386514781
3.887752385209562e-11	0.0	0.07359558208613484
4.395990907473427e-11	0.0	0.07626642080448148
4.96827951451483e-11	0.0	0.07901215009882842
5.612379271337036e-11	0.0	0.08183400000504307
6.336952668391384e-11	0.0	0.08473318921766194
7.151663604763299e-11	0.0	0.08771092377067015
8.067287913285134e-11	0.0	0.09076839569879613
9.09583547805648e-11	0.0	0.09390678168055211
1.0250685093034286e-10	0.0	0.09712724166430207
1.1546733317054667e-10	0.0	0.1004309174786892
1.3000558696541229e-10	0.0	0.10381893142880307
1.4630602852964356e-10	0.0	0.10729238487951497
1.6457370068616555e-10	0.0	0.11085235682745442
1.8503647152288222e-10	0.0	0.11449990246314513
2.0794745526850965e-10	0.0	0.1182360517248603
2.335876765452679e-10	0.0	0.12206180784579782
2.622690010374944e-10	0.0	0.12597814589621445
2.9433735765084957e-10	0.0	0.12998601132219467
3.301762794381855e-10	0.0	0.1340863184827639
3.7021079294755814e-10	0.0	0.13827994918708802
4.149116882182863e-10	0.0	0.14256775123353094
4.6480020442622965e-10	0.0	0.14695053695236873
5.204531691742823e-10	0.0	0.15142908175398462
5.825086326540849e-10	0.0	0.15600412268439007
6.516720413867353e-10	0.0	0.16067635698993796
7.287230000014345e-10	0.0	0.16544644069310988
8.145226735502004e-10	0.0	0.17031498718127402
9.100218872037993e-10	0.0	0.17528256581032128
1.01626998484983e-09	0.0	0.18034970052509555
1.1344245131405925e-09	0.0	0.18551686849853966
1.2657618029394487e-09	0.0	0.19078449879148068
1.4116885259145545e-09	0.0	0.1961529710349779
1.5737543102543068e-09	0.0	0.20162261413715343
1.7536655061571582e-09	0.0	0.20719370501641768
1.95330019890873e-09	0.0	0.21286646736299397
2.174724575032044e-09	0.0	0.2186410704306317
2.420210755214499e-09	0.0	0.22451762786038312
2.692256216511872e-09	0.0	0.23049619653829875
2.9936049357409063e-09	0.0	0.236576775488875
3.3272703960354267e-09	0.0	0.24275930480606125
3.696560609295839e-09	0.0	0.24904366462360703
4.105105318749654e-09	0.0	0.25542967412649664
4.5568855581046675e-09	0.0	0.26191709060518586
5.05626575686201e-09	0.0	0.2685056085543167
5.608028595311022e-09	0.0	0.27519485881754707
6.217412827601434e-09	0.0	0.2819844077800879
6.890154307132673e-09	0.0	0.2888737566104949
7.632530465369469e-09	0.0	0.2958623405532139
8.451408513143894e-09	0.0	0.30294952827332533
9.354297652595592e-09	0.0	0.3101346212548812
1.0349405608195677e-08	0.0	0.31741685325417096
1.144569980685957e-08	0.0	0.3247953898091913
1.2652973560046568e-08	0.0	0.3322693278065365
1.398191762503808e-08	0.0	0.3398376951068602
1.544419754835432e-08	0.0	0.34749945022999235
1.7052537221585015e-08	0.0	0.3552534821007299
1.8820809108850638e-08	0.0	0.36309860985624626
2.0764131635756565e-08	0.0	0.37103358271599496
2.289897426213626e-08	0.0	0.3790570799149067
2.5243270795186e-08	0.0	0.3871677107006057
2.7816541535861543e-08	0.0	0.3953640143952918
3.064002488972657e-08	0.0	0.40364446052285835
3.373681911390814e-08	0.0	0.41200744900173386
3.7132034914521596e-08	0.0	0.4204513104038559
4.085295965397529e-08	0.0	0.4289743062801029
4.492923397505658e-08	0.0	0.43757462955242615
4.9393041698737986e-08	0.0	0.44625040497284124
5.4279313905333977e-08	0.0	0.45499968964935306
5.962594816409345e-08	0.0	0.4638204736388036
6.547404393464209e-08	0.0	0.4727106806065465
7.186815522500693e-08	0.0	0.4816681685527665
7.885656165537849e-08	0.0	0.4906907306051765
8.649155914441159e-08	0.0	0.4997760958777393
9.48297715058555e-08	0.0	0.5089219303949751
1.0393248431775862e-07	0.0	0.5181258380813312
1.1386600250453531e-07	0.0	0.5273853618150062
1.2470203315393962e-07	0.0	0.5366979845455345
1.3651809517658623e-07	0.0	0.546061130474358
1.49397957505221e-07	0.0	0.5554721662975236
1.634321076246007e-07	0.0	0.5649284025095701
1.7871825232071954e-07	0.0	0.5744270947675817
1.9536185264035012e-07	0.0	0.5839654453143112
2.1347669515857386e-07	0.0	0.5935406044591945
2.3318550176329122e-07	0.0	0.6031496721160057
2.5462058028174875e-07	0.0	0.6127896993958232
2.779245183950277e-07	0.0	0.6224576902539087
3.032509234123271e-07	0.0	0.6321506031890283
3.307652106078692e-07	0.0	0.6418653529936741
3.6064544295947416e-07	0.0	0.6515988125535825
3.930832252694096e-07	0.0	0.6613478146948777
4.2828465579513536e-07	0.0	0.6711091540771043
4.664713386701408e-07	0.0	0.6808795891303611
5.078814605533183e-07	0.0	0.6906558440346817
5.527709351093282e-07	0.0	0.7004346107397582
6.014146190922898e-07	0.0	0.7102125510230499
6.541076039809536e-07	0.0	0.719986298584272
7.111665872953697e-07	0.0	0.7297524611742078
7.729313279130274e-07	0.0	0.7395076227557507
8.397661898965689e-07	0.0	0.7492483456950348
9.120617795455373e-07	0.0	0.7589711729804807
9.902366805912437e-07	0.0	0.7686726304675425
1.074739292666779e-06	0.0	0.7783492291469185
1.1660497784034544e-06	0.0	0.7879974674339479
1.264682124730581e-06	0.0	0.7976138334769031
1.371186324187448e-06	0.0	0.8071948074818535
1.4861506822946545e-06	0.0	0.8167368640517649
1.610204257276549e-06	0.0	0.8262364745374816
1.7440194386773788e-06	0.0	0.83569010939822
1.8883146716708138e-06	0.0	0.8450942405692027
2.0438573341256858e-06	0.0	0.8544453438340466
2.21146677375999e-06	0.0	0.8637399011995195
2.392017512990323e-06	0.0	0.8729744032702833
2.58644262936482e-06	0.0	0.8821453516212373
2.795737319754198e-06	0.0	0.8912492611650892
3.020962656767468e-06	0.0	0.9002826625127855
3.2632495461561136e-06	0.0	0.9092421043244517
3.5238028942727787e-06	0.0	0.9181241556485014
3.8039059949575335e-06	0.0	0.9269254082465997
4.104925145536319e-06	0.0	0.9356424789021822
4.428314501931909e-06	0.0	0.9442720117102597
4.775621183207341e-06	0.0	0.952810680346266
5.148490636184915e-06	0.0	0.9612551903117328
5.548672271110117e-06	0.0	0.9696022811546168
5.978025379658849e-06	0.0	0.9778487286621322
6.43852534691763e-06	0.0	0.9859913470239849
6.93227016929949e-06	0.0	0.9940269909639471
7.461487290692714e-06	0.0	1.0019525578377488
8.028540769474688e-06	0.0	1.009764989695317
8.635938789358442e-06	0.0	1.0174612753054348
9.286341527374382e-06	0.0	1.0250384521409481
9.982569392623481e-06	0.0	1.032493608322695
1.0727611649770347e-05	0.0	1.0398238845203966
1.1524635441574083e-05	0.0	1.0470264758087942
1.2376995225081345e-05	0.0	1.0540986334773839
1.32882426364283e-05	0.0	1.0610376667921586
1.4262136799515807e-05	0.0	1.067840944707826
1.5302655094133938e-05	0.0	1.074505897529039
1.6414004399417343e-05	0.0	1.0810300185192363
1.7600632828810595e-05	0.0	1.0874108654557628
1.886724197301203e-05	0.0	1.0936460621299966
2.0218799667644302e-05	0.0	1.0997332997912916
2.1660553302669153e-05	0.0	1.105670338533601
2.3198043690821435e-05	0.0	1.111455008623728
2.4837119512582352e-05	0.0	1.117085211770214
2.658395235544284e-05	0.0	1.122558922331951
2.8445052365423893e-05	0.0	1.1278741884656769
3.0427284529020267e-05	0.0	1.1330291332115805
3.2537885603916065e-05	0.0	1.1380219555163227
3.478448171698391e-05	0.0	1.142850931192853
3.717510664822264e-05	0.0	1.1475144138164688
3.971822081940977e-05	0.0	1.1520108355566439
4.242273100634432e-05	0.0	1.1563387079442249
4.529801079362938e-05	0.0	1.160496622573668
4.835392179099347e-05	0.0	1.164483251740059
5.160083563017084e-05	0.0	1.1682973490107376
5.5049656761354605e-05	0.0	1.1719377497314123
5.87118460681995e-05	0.0	1.1754033714667318
6.259944532028278e-05	0.0	1.1786932143753428
6.672510248183046e-05	0.0	1.1818063615195395
7.110209789538021e-05	0.0	1.184741979109677
7.574437135888e-05	0.0	1.1874993166835885
8.06665501145123e-05	0.0	1.1900777072213193
8.588397776728451e-05	0.0	1.1924765671955475
9.141274415113748e-05	0.0	1.1946953965581366
9.726971615999142e-05	0.0	1.1967337786633225
0.0001034725695607744	0.0	1.1985913801281025
0.0001100398218050568	0.0	1.2002679506304552
0.000116990865855449	0.0	1.2017633226460804
0.00012434600504240343	0.0	1.203077411124405
0.00013212648896649705	0.0	1.204210213104658
0.0001403545504606549	0.0	1.2051618072728771
0.0001490534436261059	0.0	1.2059323534607531
0.00015824748295514048	0.0	1.2065220920872817
0.0001679620835529618	0.0	1.2069313435442328
0.00017822380247008867	0.0	1.207160507526503
0.0001890603811558769	0.0	1.2072100623084547
0.00020050078904277529	0.0	1.207080563967399
0.0002125752682699232	0.0	1.206772645555414
0.00022531537955362512	0.0	1.2062870162207378
0.0002387540492111047	0.0	1.2056244602800037
0.000252925617342746	0.0	1.2047858362426358
0.0002678658871767697	0.0	1.2037720757887447
0.0002836121755789688	0.0	1.2025841827018997
0.00030020336472874	0.0	1.201223231758189
0.00031767995496119234	0.0	1.1996903675730006
0.00033608411877359567	0.0	1.1979868034069867
0.000355459755992844	0.0	1.196113819932696
0.00037585255009895595	0.0	1.1940727639633846
0.0003973100256979158	0.0	1.1918650471455314
0.0004198816071353704	0.0	1.1894921446166034
0.0004436186782408455	0.0	1.1869555936296332
0.0004685746431902243	0.0	1.184256992146186
0.0004948049884722468	0.0	1.1813979973992974
0.0005223673459427345	0.0	1.178380324427985
0.0005513215569481328	0.0	1.1752057445849349
0.0005817297374977794	0.0	1.1718760840189741
0.0006136563444620656	0.0	1.1683932221339421
0.0006471682427713508	0.0	1.164759090025578
0.0006823347735881248	0.0	1.1609756688980408
0.0007192278234224854	0.0	1.1570449884616727
0.0007579218941585158	0.0	1.1529691253136203
0.0007984941739566055	0.0	1.1487502013029156
0.0008410246089941633	0.0	1.1443903818816143
0.0008855959760045269	0.0	1.1398918744435829
0.0009322939555711723	0.0	1.135256926652509
0.000981207206131587	0.0	1.1304878247607038
0.0010324274386423768	0.0	1.125586891920246
0.0010860494918543476	0.0	1.1205564864880053
0.0011421714081434311	0.0	1.1153990003260659
0.0012008945098404167	0.0	1.11011685709905
0.0012623234759995092	0.0	1.1047125105698234
0.0013265664195427674	0.0	1.0991884428950447
0.0013937349647144763	0.0	1.0935471629219966
0.0014639443247764935	0.0	1.087791204488113
0.001537313379872574	0.0	1.081923124724594
0.0016139647549866221	0.0	1.0759455023654707
0.0016940248979167702	0.0	1.06986093606346
0.0017776241571841101	0.0	1.0636720427139164
0.0018648968597918462	0.0	1.0573814557881622
0.0019559813887475718	0.0	1.050991823677448
0.002051020260258326	0.0	1.044505808048761
0.0021501602005050495	0.0	1.0379260822136704
0.00225355222190004	0.0	1.0312553295113671
0.0023613516987280154	0.0	1.0244962417070202
0.0024737184420684432	0.0	1.017651517406539
0.00259081677389385	0.0	1.0107238604887965
0.0027128156002359668	0.0	1.0037159785563357
0.0028398884833087073	0.0	0.9966305814055432
0.002972213712474226	0.0	0.9894703795172395
0.003109974373935548	0.0	0.9822380825686026
0.0032533584190366444	0.0	0.9749363979672975
0.0034025587310482163	0.0	0.9675680294086579
0.0035577731903149758	0.0	0.9601356754567197
0.003719204737637774	0.0	0.952642028149877
0.0038870614357616124	0.0	0.9450897716318875
0.004061556528838353	0.0	0.9374815808089221
0.0042429084997308115	0.0	0.9298201200333152
0.004431341125022905	0.0	0.9221080418146307
0.0046270835275986615	0.0	0.9143479855586284
0.0048303702266510855	0.0	0.906542576334674
0.005041441184980289	0.0	0.8986944236721006
0.005260541853438756	0.0	0.8908061203859904
0.005487923212380279	0.0	0.8828802414328148
0.005723841809967892	0.0	0.8749193427963281
0.005968559797195083	0.0	0.8669259604040791
0.006222344959473677	0.0	0.8589026090748647
0.00648547074464106	0.0	0.8508517814974221
0.006758216287238903	0.0	0.8427759472406118
0.007040866428915138	0.0	0.8346775517953168
0.007333711734800804	0.0	0.8265590156482473
0.007637048505713388	0.0	0.8184227333878049
0.00795117878603848	0.0	0.8102710728421307
0.00827641036714203	0.0	0.8021063742494291
0.008613056786166046	0.0	0.7939309494606225
0.008961437320061518	0.0	0.7857470811743714
0.009321876974713282	0.0	0.7775570222044519
0.009694706469012928	0.0	0.7693629947794622
0.010080262213737295	0.0	0.7611671898747979
0.010478886285091842	0.0	0.7529717665768038
0.010890926392780186	0.0	0.7447788514789879
0.01131673584246322	0.0	0.7365905381101558
0.011756673492473774	0.0	0.7284088863942905
0.012211103704655352	0.0	0.7202359221419882
0.012680396289196521	0.0	0.7120736365732273
0.01316492644333558	0.0	0.7039239858712281
0.013665074683813684	0.0	0.6957888907671353
0.014181226772958144	0.0	0.6876702361552384
0.014713773638281661	0.0	0.6795698707384137
0.015263111285487343	0.0	0.6714896067034632
0.01582964070477379	0.0	0.663431219425996
0.016413767770339233	0.0	0.6553964472044831
0.01701590313298861	0.0	0.6473869910230988
0.01763646210575262	0.0	0.6394045143429425
0.018275864542433257	0.0	0.6314506429212194
0.018934534708995896	0.0	0.6235269646579424
0.019612901147734035	0.0	0.6156350294697032
0.02031139653413882	0.0	0.6077763491900451
0.02103045752641189	0.0	0.5999523974959586
0.021770524607566764	0.0	0.5921646098600071
0.0225320419200707	0.0	0.5844143835275775
0.0233154570929861	0.0	0.5767030775187432
0.02412122106157783	0.0	0.5690320126542111
0.02494978787936024	0.0	0.5614024716048214
0.0258016145225654	0.0	0.5538156989640544
0.02667716068702205	0.0	0.5462729013429947
0.02757688857744265	0.0	0.538775247487195
0.02850126268912444	0.0	0.5313238684148741
0.029450749582078672	0.0	0.5239198575758802
0.030425817647610907	0.0	0.5165642710308435
0.031426936867384035	0.0	0.5092581276499397
0.032454578565004596	0.0	0.5020024093306817
0.033509215150182056	0.0	0.49479806123415304
0.03459131985551998	0.0	0.48764599203909625
0.035701366466007176	0.0	0.48054707421326653
0.03683982904128671	0.0	0.4735021443014598
0.038007181630789685	0.0	0.46651200322962505
0.03920389798183094	0.0	0.4595774166244703
0.04043045124077298	0.0	0.45269911514797295
0.041687313647374664	0.0	0.445877794846205
0.042974956222450685	0.0	0.43911411751188895
0.044293848448977935	0.0	0.43240871106009865
0.04564445794679471	0.0	0.42576216991652494
0.047027250141048624	0.0	0.4191750554177288
0.048442687924558955	0.0	0.4126478962228089
0.04989123131426919	0.0	0.40618118873591275
0.05137333710197518	0.0	0.39977539753903024
0.052889458499524526	0.0	0.39343095583450677
0.05444004477869211	0.0	0.3871482658967267
0.05602554090594688	0.0	0.3809276995324167
0.057646387172334286	0.0	0.37476959854902975
0.05930301881870849	0.0	0.36867427523067586
0.06099586565655772	0.0	0.3626420128210715
0.0627253516846757	0.0	0.3566730660129897
0.06449189470194086	0.0	0.35076766144369803
0.06629590591647444	0.0	0.34492599819588154
0.06813778955145708	0.0	0.3391482483035547
0.07001794244789228	0.0	0.33343455726247606
0.0719367536646136	0.0	0.3277850445445872
0.07389460407584064	0.0	0.3221998041160071
0.07589186596659658	0.0	0.3166789049581227
0.07792890262630839	0.0	0.3112223915913236
0.08000606794091772	0.0	0.30583028460094275
0.08212370598383806	0.0	0.3005025811649692
0.08428215060610045	0.0	0.29523925558311387
0.08648172502603693	0.0	0.2900402598068158
0.0887227414188571	0.0	0.2849055239697886
0.09100550050647889	0.0	0.2798349569187158
0.09333029114798105	0.0	0.27482844674371465
0.09569738993104927	0.0	0.26988586130819814
0.09810706076479336	0.0	0.26500704877777564
0.10055955447431761	0.0	0.2601918381478426
0.1030551083974301	0.0	0.2554400397695203
0.10559394598388096	0.0	0.25075144587361864
0.10817627639752306	0.0	0.24612583109230232
0.11080229412179111	0.0	0.24156295297815505
0.11347217856889834	0.0	0.23706255252034383
0.1161860936931515	0.0	0.23262435465759795
0.1189441876087871	0.0	0.2282480687877268
0.1217465922127327	0.0	0.22393338927341086
0.12459342281269813	0.0	0.21967999594401177
0.1274847777610016	0.0	0.21548755459315608
0.13042073809453583	0.0	0.21135571747185872
0.13340136718127857	0.0	0.20728412377696231
0.1364267103737506	0.0	0.20327240013467737
0.13949679466982345	0.0	0.1993201610790201
0.14261162838127625	0.0	0.19542700952495295
0.145771200810499	0.0	0.19159253723604378
0.14897548193573654	0.0	0.18781632528646816
0.15222442210526424	0.0	0.18409794451719025
0.1555179517408818	0.0	0.1804369559861654
0.1588559810511077	0.0	0.17683291141241864
0.1622383997544521	0.0	0.17328535361386027
0.16566507681313916	0.0	0.1697938169387113
0.16913586017764626	0.0	0.1663578276904174
0.17265057654241847	0.0	0.16297690454594127
0.1762090311131121	0.0	0.1596505589673302
0.17981100738571215	0.0	0.15637829560646446
0.18345626693786188	0.0	0.15315961270290063
0.18714454923273371	0.0	0.14999400247473108
0.19087557143576195	0.0	0.1468809515023898
0.19464902824454952	0.0	0.14381994110534166
0.19846459173225023	0.0	0.1408104477115994
0.20232191120471849	0.0	0.1378519432200213
0.20622061307170844	0.0	0.13494389535534781
0.21016030073239284	0.0	0.13208576801594366
0.214140554475461	0.0	0.12927702161421817
0.218160931394044	0.0	0.12651711340970329
0.22222096531570262	0.0	0.12380549783477503
0.22632016674770122	0.0	0.12114162681301015
0.23045802283777875	0.0	0.11852495007017644
0.23463399735061383	0.0	0.11595491543786009
0.2388475306601686	0.0	0.11343096914973973
0.24309803975808153	0.0	0.11095255613052198
0.2473849182782657	0.0	0.1085191202775589
0.25170753653785494	0.0	0.10613010473517218
0.25606524159462507	0.0	0.10378495216171475
0.2604573573210036	0.0	0.10148310498940419
0.2648831844947657	0.0	0.09922400567696776
0.2693420009064984	0.0	0.09700709695514266
0.27383306148390135	0.0	0.09483182206507937
0.2783555984329749	0.0	0.0926976249897003
0.2829088213961316	0.0	0.0906039506780694
0.2874919176272512	0.0	0.08855024526283219
0.29210405218368324	0.0	0.08653595627078922
0.2967443681351848	0.0	0.08456053282666923
0.301411986789765	0.0	0.0826234258501714
0.30610600793639203	0.0	0.08072408824634932
0.3108255101045016	0.0	0.07886197508941155
0.31556955084022953	0.0	0.07703654380001727
0.32033716699927484	0.0	0.07524725431614697
0.325127375056284	0.0	0.07349356925763129
0.3299391714306292	0.0	0.07177495408442312
0.3347715328284395	0.0	0.07009087724869992
0.33962341660072537	0.0	0.06844081034088534
0.3444937611174223	0.0	0.06682422822968123
0.34938148615716375	0.0	0.0652406091962022
0.3542854933125757	0.0	0.06368943506230695
0.35920466641087245	0.0	0.062170191313221886
0.3641378719495152	0.0	0.0606823672145533
0.36908395954668083	0.0	0.05922545592378638
0.37404176240627407	0.0	0.05779895459636948
0.3790100977971996	0.0	0.056402364486483614
0.38398776754659664	0.0	0.055035191042597395
0.3889735585467263	0.0	0.05369694399790883
0.3939662432751838	0.0	0.05238713745577542
0.3989645803280986	0.0	0.0511052899702349
0.4039673149659681	0.0	0.049850924621718945
0.40897317967176045	0.0	0.04862356908806273
0.41398089472090704	0.0	0.0474227557109131
0.4189891687627948	0.0	0.046248021557638394
0.4239966994133547	0.0	0.04509890847884281
0.4290021738583331	0.0	0.04397496316158809
0.43400426946681914	0.0	0.042875737178425154
0.4390016544145932	0.0	0.04180078703233805
0.443992988316849	0.0	0.040749674197702035
0.44897692286983354	0.0	0.039721965157357514
0.4539521025009382	0.0	0.03871723143590071
0.4589171650267675	0.0	0.03773504962929164
0.46387074231870107	0.0	0.03677500143087916
0.4688114609754584	0.0	0.03583667365394222
0.47373794300216776	0.0	0.03491965825084573
0.4786488064954334	0.0	0.0340235523289086
0.4835426663338895	0.0	0.033147958163080554
0.48841813487372243	0.0	0.03229248320552371
0.49327382264863917	0.0	0.03145674009219351
0.4981083390737524	0.0	0.030640346646512915
0.5029202931528512	0.0	0.029842925880232688
0.5077082941885207	0.0	0.02906410599156927
0.5124709524945713	0.0	0.028303520360710877
0.5172068801102363	0.0	0.027560807542781177
0.521914691515593	0.0	0.026835611258348664
0.5265930043476625	0.0	0.026127580381568673
0.5312404401166423	0.0	0.02543636892604377
0.5358556249217225	0.0	0.024761636028486782
0.5404371901659423	0.0	0.024103045930269663
0.5449837732695381	0.0	0.023460267956939854
0.5494940183812399	0.0	0.02283297649578458
0.5539665770869728	0.0	0.022220850971522113
0.558400109115423	0.0	0.02162357582019756
0.5627932830399306	0.0	0.021040840461359546
0.5671447769761755	0.0	0.02047233926859247
0.5714532792751257	0.0	0.019917771538477864
0.575717489210723	0.0	0.019376841458056755
0.5799361176617845	0.0	0.018849258070863555
0.5841078877876066	0.0	0.01833473524160063
0.5882315356967598	0.0	0.017832991619521118
0.5923058111085749	0.0	0.017343750600586218
0.5963294780068226	0.0	0.01686674028846167
0.6003013152851002	0.0	0.016401693454416735
0.604220117383445	0.0	0.015948347496187447
0.6080846949157028	0.0	0.015506444395864582
0.6118938752871886	0.0	0.01507573067686525
0.6156465033021876	0.0	0.014655957360045588
0.6193414417608508	0.0	0.014246879919010677
0.6229775720450541	0.0	0.013848258234676244
0.6265537946927966	0.0	0.013459856549135438
0.6300690299607263	0.0	0.013081443418882448
0.6335222183743937	0.0	0.012712791667443398
0.6369123212658424	0.0	0.012353678337463548
0.6402383212981624	0.0	0.01200388464229842
0.6434992229766386	0.0	0.011663195917155183
0.6466940531461454	0.0	0.011331401569829204
0.6498218614744442	0.0	0.0110082950310794
0.6528817209210638	0.0	0.010693673704684627
0.6558727281914447	0.0	0.010387338917222145
0.6587940041760542	0.0	0.010089095867607794
0.6616446943741828	0.0	0.009798753576436352
0.6644239693021551	0.0	0.0095161248351592
0.6671310248856959	0.0	0.009241026155135222
0.6697650828362116	0.0	0.008973277716589687
0.6723253910107583	0.0	0.008712703317514555
0.6748112237554847	0.0	0.008459130322542578
0.6772218822323537	0.0	0.008212389611826331
0.6795566947289571	0.0	0.007972315529952196
0.6818150169512596	0.0	0.007738745834918174
0.6839962322991181	0.0	0.007511521647203323
0.6860997521244395	0.0	0.007290487398955519
0.6881250159718566	0.0	0.007075490783323144
0.6900714918018147	0.0	0.006866382703955347
0.6919386761959797	0.0	0.006663017224694372
0.6937260945448899	0.0	0.006465251519482573
0.6954333012177938	0.0	0.006272945822505666
0.6970598797146277	0.0	0.006085963378592818
0.6986054428001034	0.0	0.005904170393893297
0.7000696326198917	0.0	0.0057274359868483655
0.7014521207989027	0.0	0.005555632139476347
0.7027526085216765	0.0	0.005388633648987768
0.7039708265949173	0.0	0.005226318079746747
0.7051065354922135	0.0	0.005068565715593863
0.7061595253810041	0.0	0.004915259512544996
0.7071296161318654	0.0	0.004766285051879776
0.7080166573102054	0.0	0.004621530493632542
0.708820528150468	0.0	0.004480886530497932
0.7095411375129643	0.0	0.004344246342162487
0.7101784238234568	0.0	0.004211505550072959
0.7107323549956428	0.0	0.004082562172651287
0.7112029283366917	0.0	0.003957316580965539
0.7115901704360026	0.0	0.003835671454865471
0.7118941370373667	0.0	0.0037175317395906887
0.712114912894726	0.0	0.0036028046028588052
0.7122526116117336	0.0	0.003491399392440357
0.7123073754653348	0.0	0.003383227594226695
0.7122793752135947	0.0	0.0032782027907964474
0.712168809888014	0.0	0.0031762406204856692
0.7119759065705834	0.0	0.0030772587369662053
0.7117009201558367	0.0	0.0029811767693363194
0.7113441330981743	0.0	0.002887916282727121
0.7109058551447369	0.0	0.002797400739427876
0.7103864230541209	0.0	0.002709555460532772
0.7097862003012343	0.0	0.002624307588111335
0.7091055767685994	0.0	0.0025415860479041934
0.7083449684244215	0.0	0.0024613215125455206
0.7075048169877449	0.0	0.0023834463653130723
0.7065855895810299	0.0	0.0023078946644063464
0.7055877783704878	0.0	0.0022346021077530357
0.7045119001945215	0.0	0.0021635059983435806
0.7033584961806231	0.0	0.0020945452100932967
0.702128131351085	0.0	0.002027660154231227
0.7008213942178914	0.0	0.0019627927462145464
0.6994388963671551	0.0	0.001899886373167063
0.6979812720334777	0.0	0.00183888586184006
0.6964491776646082	0.0	0.0017797374470934631
0.6948432914767827	0.0	0.0017223887408950513
0.6931643130011329	0.0	0.0016667887018351768
0.6914129626215508	0.0	0.0016128876051542348
0.6895899811044021	0.0	0.0015606370132798932
0.6876961291204828	0.0	0.0015099897468708729
0.6857321867596169	0.0	0.0014608998563638831
0.6836989530382903	0.0	0.0014133225940201099
0.6815972454007244	0.0	0.0013672143864674796
0.6794278992137878	0.0	0.0013225328077347553
0.6771917672561469	0.0	0.0012792365527733512
0.6748897192020593	0.0	0.0012372854114626063
0.6725226411002072	0.0	0.0011966402430941174
0.6700914348479762	0.0	0.0011572629513305942
0.6675970176615758	0.0	0.0011191164596345753
0.6650403215424019	0.0	0.0010821646871622319
0.662422292740038	0.0	0.0010463725251173772
0.6597438912122906	0.0	0.0010117058135606953
0.65700609008265	0.0	0.0009781313186691186
0.6542098750955709	0.0	0.0009456167104401948
0.6513562440699557	0.0	0.0009141305408362072
0.6484462063512281	0.0	0.0008836422223627425
0.6454807822623763	0.0	0.0008541220070763383
0.642461002554344	0.0	0.0008255409660157849
0.6393879078561414	0.0	0.0007978709690516017
0.636262548125045	0.0	0.0007710846651481745
0.6330859820972512	0.0	0.0007451554630329868
0.6298592767393419	0.0	0.000720057512267359
0.6265835067009172	0.0	0.0006957656847130732
0.6232597537687429	0.0	0.0006722555563892419
0.6198891063227572	0.0	0.0006495033897137622
0.6164726587942733	0.0	0.0006274861161236832
0.6130115111267092	0.0	0.0006061813190688075
0.6095067682391698	0.0	0.000585567217372844
0.6059595394932009	0.0	0.0005656226489564281
0.6023709381630253	0.0	0.0005463270549163348
0.5987420809095684	0.0	0.0005276604639552129
0.595074087258569	0.0	0.0005096034771561864
0.5913680790830698	0.0	0.0004921372530966815
0.5876251800905672	0.0	0.00047524349329585835
0.5838465153151012	0.0	0.0004589044279900488
0.5800332106145508	0.0	0.00044310280223062786
0.5761863921733972	0.0	0.00042782186229877367
0.5723071860112092	0.0	0.0004130453424316026
0.568396717497095	0.0	0.0003987574518542004
0.5644561108703574	0.0	0.00038494286211210554
0.5604864887675843	0.0	0.0003715866946988414
0.5564889717563922	0.0	0.00035867450897313107
0.5524646778760388	0.0	0.000346192290360477
0.5484147221851079	0.0	0.000334126438833826
0.544340216316463	0.0	0.0003224637576680935
0.5402422680396587	0.0	0.00031119144246336314
0.5361219808309884	0.0	0.000300297070431632
0.53198045345134	0.0	0.0002897685899420219
0.5278187795320233	0.0	0.00027959431031942915
0.5236380471687215	0.0	0.0002697628918916406
0.5194393385237155	0.0	0.0002602633362799984
0.5152237294365158	0.0	0.0002510849769287521
0.5109922890430333	0.0	0.00024221746986829496
0.5067460794034089	0.0	0.000233650784707539
0.5024861551386142	0.0	0.0002253751958507412
0.49821356307592857	0.0	0.00021738127393415658
0.4939293419033868	0.0	0.00020965987747795022
0.4896345218332868	0.0	0.00020220214474886406
0.48533012427483646	0.0	0.0001949994858291954
0.48101716151601015	0.0	0.00018804357488770497
0.476696636414681	0.0	0.00018132634264813628
0.47236954209908166	0.0	0.00017483996905108952
0.4680368616776443	0.0	0.00016857687610505694
0.4636995679582577	0.0	0.00016252972092248915
0.45935862317697596	0.0	0.00015669138893682546
0.45501497873620306	0.0	0.00015105498729648458
0.45066957495237037	0.0	0.00014561383843187504
0.44632334081311925	0.0	0.00014036147379154826
0.4419771937439905	0.0	0.00013529162774368036
0.43763203938461753	0.0	0.00013039823163913183
0.43328877137441274	0.0	0.00012567540803239697
0.4289482711477297	0.0	0.00012111746505681786
0.4246114077384764	0.0	0.00011671889095050002
0.42027903759415014	0.0	0.00011247434872942917
0.4159520043992564	0.0	0.00010837867100434983
0.41163113890806885	0.0	0.00010442685493802899
0.40731725878668124	0.0	0.00010061405733958793
0.4030111684642964	0.0	9.693558989264708e-05
0.39871365899369143	0.0	9.338691451408801e-05
0.3944255079207927	0.0	8.996363884029752e-05
0.3901474791632889	0.0	8.666151183781692e-05
0.3858803228982051	0.0	8.347641953537912e-05
0.38162477545835566	0.0	8.040438087437407e-05
0.3773815592375887	0.0	7.74415436748408e-05
0.37315138260473096	0.0	7.458418071414134e-05
0.36893493982613595	0.0	7.182868591552807e-05
0.3647329109967342	0.0	6.917157064387248e-05
0.36054596197948174	0.0	6.660946010587785e-05
0.356374744353096	0.0	6.413908985215349e-05
0.3522198953679673	0.0	6.175730237858169e-05
0.34808203791012776	0.0	5.946104382446225e-05
0.3439617804731586	0.0	5.724736076497159e-05
0.3398597171379101	0.0	5.511339709552569e-05
0.3357764275599082	0.0	5.305639100568722e-05
0.33171247696431805	0.0	5.1073672040307617e-05
0.32766841614832903	0.0	4.9162658245644916e-05
0.3236447814908282	0.0	4.7320853398247015e-05
0.31964209496922125	0.0	4.554584431443861e-05
0.31566086418326156	0.0	4.383529823829755e-05
0.31170158238574325	0.0	4.218696030605349e-05
0.30776472851991377	0.0	4.059865108488768e-05
0.30385076726345833	0.0	3.906826418415856e-05
0.29996014907890695	0.0	3.759376393712219e-05
0.2960933102703145	0.0	3.617318315126101e-05
0.29225067304606045	0.0	3.4804620925377325e-05
0.2884326455876163	0.0	3.348624053165087e-05
0.28463962212412497	0.0	3.22162673609013e-05
0.28087198301263777	0.0	3.0992986929337975e-05
0.2771300948238516	0.0	2.9814742945119453e-05
0.27341431043319	0.0	2.867993543308509e-05
0.26972496911707006	0.0	2.7587018916059964e-05
0.26606239665419745	0.0	2.6534500651172728e-05
0.26242690543173053	0.0	2.552093891966346e-05
0.258818794556156	0.0	2.4544941368695568e-05
0.25523834996871625	0.0	2.3605163403721874e-05
0.2516858445652313	0.0	2.270030662999061e-05
0.24816153832015594	0.0	2.1829117341811717e-05
0.24466567841471448	0.0	2.0990385058238117e-05
0.2411984993689561	0.0	2.0182941103849978e-05
0.237760223177573	0.0	1.9405657233362803e-05
0.23435105944932613	0.0	1.8657444298812355e-05
0.23097120554992212	0.0	1.7937250958100825e-05
0.2276208467481875	0.0	1.7244062423719564e-05
0.22430015636538653	0.0	1.657689925049385e-05
0.22100929592753	0.0	1.5934816161224772e-05
0.21774841532052397	0.0	1.531690090913219e-05
0.21451765294800848	0.0	1.472227317603116e-05
0.21131713589173753	0.0	1.4150083505201853e-05
0.20814698007435334	0.0	1.3599512267940177e-05
0.20500729042440927	0.0	1.3069768662802862e-05
0.20189816104349742	0.0	1.2560089746586666e-05
0.19881967537533876	0.0	1.2069739496106822e-05
0.19577190637669525	0.0	1.1598007899864592e-05
0.19275491668996525	0.0	1.1144210078718161e-05
0.18976875881732577	0.0	1.0707685434694705e-05
0.18681347529628647	0.0	1.0287796827104716e-05
0.18388909887652294	0.0	9.883929775142344e-06
0.1809956526978586	0.0	9.495491686177534e-06
0.17813315046926667	0.0	9.121911108967483e-06
0.17530159664876566	0.0	8.762637011035937e-06
0.1725009866240852	0.0	8.417138079489543e-06
0.1697313068939792	0.0	8.08490204456054e-06
0.166992535250068	0.0	7.76543502518476e-06
0.1642846409590915	0.0	7.4582608959430555e-06
0.1616075849454596	0.0	7.162920674712998e-06
0.1589613199739863	0.0	6.878971930395959e-06
0.15634579083269914	0.0	6.605988210102478e-06
0.1537609345156156	0.0	6.343558485196224e-06
0.1512066804053818	0.0	6.091286615613789e-06
0.14868295045567173	0.0	5.84879083189409e-06
0.14618965937324652	0.0	5.615703234367275e-06
0.14372671479957702	0.0	5.391669308968725e-06
0.14129401749193488	0.0	5.176347459159091e-06
0.13889146150386	0.0	4.9694085534461986e-06
0.13651893436491516	0.0	4.770535488019236e-06
0.13417631725964047	0.0	4.579422764019789e-06
0.1318634852056238	0.0	4.3957760789881005e-06
0.12958030723060532	0.0	4.219311932036433e-06
0.12732664654853695	0.0	4.049757242314427e-06
0.1251023607345204	0.0	3.886848980344221e-06
0.12290730189854969	0.0	3.7303338118154132e-06
0.12074131685798684	0.0	3.5799677534421557e-06
0.11860424730870214	0.0	3.4355158404963586e-06
0.11649592999481241	0.0	3.29675180564251e-06
0.11441619687695381	0.0	3.1634577687107513e-06
0.1123648752990279	0.0	3.0354239370557162e-06
0.11034178815336235	0.0	2.9124483161592017e-06
0.10834675404423	0.0	2.7943364301450356e-06
0.10637958744967266	0.0	2.6809010518844952e-06
0.10444009888157835	0.0	2.571961942380373e-06
0.10252809504396294	0.0	2.4673455991272286e-06
0.10064337898941003	0.0	2.3668850131545957e-06
0.09878575027362461	0.0	2.2704194344688402e-06
0.0969550051080591	0.0	2.1777941456180706e-06
0.09515093651057197	0.0	2.088860243112963e-06
0.09337333445408193	0.0	2.0034744264445845e-06
0.09162198601318283	0.0	1.921498794448277e-06
0.08989667550868641	0.0	1.8428006487704467e-06
0.08819718465006228	0.0	1.7672523042026342e-06
0.08652329267574714	0.0	1.6947309056545767e-06
0.08487477649129646	0.0	1.6251182515451014e-06
0.08325141080535475	0.0	1.5583006233965908e-06
0.0816529682634222	0.0	1.494168621425504e-06
0.08007921957939741	0.0	1.4326170059279384e-06
0.07852993366487815	0.0	1.3735445442655743e-06
0.07700487775620382	0.0	1.316853863263484e-06
0.07550381753922514	0.0	1.262451306837269e-06
0.07402651727178879	0.0	1.2102467986727835e-06
0.07257273990392585	0.0	1.1601537097873352e-06
0.07114224719573556	0.0	1.1120887308067156e-06
0.06973479983295665	0.0	1.0659717487977162e-06
0.06835015754022107	0.0	1.0217257285009296e-06
0.06698807919198603	0.0	9.792765978136304e-07
0.06564832292114194	0.0	9.385531373773727e-07
0.06433064622529569	0.0	8.994868741296394e-07
0.06303480607072987	0.0	8.620119786834366e-07
0.06176055899404011	0.0	8.260651664031463e-07
0.06050766120145438	0.0	7.915856020492408e-07
0.0592758686658391	0.0	7.585148078686158e-07
0.05806493722139856	0.0	7.267965750113301e-07
0.05687462265607531	0.0	6.963768781584527e-07
0.055704680801660446	0.0	6.672037932495013e-07
0.05455486762162402	0.0	6.392274182016327e-07
0.053424939296676965	0.0	6.123997965163018e-07
0.052314652308076894	0.0	5.8667484367256e-07
0.05122376351869158	0.0	5.620082762095042e-07
0.05015203025183456	0.0	5.383575434036274e-07
0.04909921036788868	0.0	5.156817614499622e-07
0.04806506233873419	0.0	4.939416500589473e-07
0.047049345319999006	0.0	4.7309947138389657e-07
0.046051819221149516	0.0	4.531189711967989e-07
0.04507224477344147	0.0	4.3396532223294485e-07
0.044110383595750924	0.0	4.156050696275508e-07
0.043165998258306346	0.0	3.9800607837014335e-07
0.04223885234434346	0.0	3.811374827049782e-07
0.04132871050970536	0.0	3.6496963740819447e-07
0.04043533854041086	0.0	3.4947407087476085e-07
0.03955850340821486	0.0	3.346234399505476e-07
0.03869797332418501	0.0	3.203914864470602e-07
0.03785351779031963	0.0	3.0675299527850536e-07
0.03702490764923221	0.0	2.936837541629275e-07
0.03621191513192844	0.0	2.811605148311477e-07
0.03541431390370217	0.0	2.691609556891737e-07
0.03463187910817712	0.0	2.5766364588162014e-07
0.03386438740952146	0.0	2.4664801070548647e-07
0.03311161703286305	0.0	2.360942983253938e-07
0.03237334780293296	0.0	2.259835477430723e-07
0.031649361180965854	0.0	2.1629755797553261e-07
0.030939440299885438	0.0	2.0701885839793626e-07
0.030243369997803964	0.0	1.9813068020871368e-07
0.02956093684986466	0.0	1.896169289759609e-07
0.028891929198456307	0.0	1.8146215822557698e-07
0.028236137181829324	0.0	1.7365154403299054e-07
0.027593352761142883	0.0	1.661708605816632e-07
0.026963369745972625	0.0	1.5900645665285155e-07
0.02634598381830874	0.0	1.5214523301236116e-07
0.02574099255507417	0.0	1.4557462066123564e-07
0.0251481954491928	0.0	1.3928255991849233e-07
0.024567393929237454	0.0	1.3325748030514656e-07
0.023998391377687618	0.0	1.2748828119985742e-07
0.02344099314782665	0.0	1.2196431323758286e-07
0.022895006579308395	0.0	1.1667536042365152e-07
0.02236024101242286	0.0	1.1161162293664256e-07
0.021836507801090674	0.0	1.0676370059441647e-07
0.02132362032461589	0.0	1.021225769585579e-07
0.020821393998226596	0.0	9.767960405337958e-08
0.020329646282432678	0.0	9.342648767649307e-08
0.019848196691229916	0.0	8.935527327877945e-08
0.01937686679917941	0.0	8.545833239239329e-08
0.01891548024739124	0.0	8.17283495862036e-08
0.01846386274844096	0.0	7.815830992882183e-08
0.018021842090247375	0.0	7.47414869400856e-08
0.01758924813893987	0.0	7.147143101256176e-08
0.017165912840743213	0.0	6.834195828530239e-08
0.016751670222907664	0.0	6.534713995273493e-08
0.01634635639371178	0.0	6.248129199219167e-08
0.015949809541565243	0.0	5.973896529418703e-08
0.015561869933238541	0.0	5.711493618013241e-08
0.015182379911246267	0.0	5.460419729273996e-08
0.014811183890410305	0.0	5.2201948844908135e-08
0.014448128353628995	0.0	4.9903590213404296e-08
0.014093061846878007	0.0	4.770471186416413e-08
0.013745834973468318	0.0	4.560108759651364e-08
0.013406300387586379	0.0	4.358866709408889e-08
0.013074312787141228	0.0	4.166356877068098e-08
0.012749728905942934	0.0	3.9822072899670454e-08
0.012432407505236408	0.0	3.806061501613599e-08
0.012122209364614308	0.0	3.6375779581128374e-08
0.01181899727233235	0.0	3.4764293897992114e-08
0.011522636015050002	0.0	3.3223022270994526e-08
0.01123299236701914	0.0	3.174896039688603e-08
0.010949935078742937	0.0	3.0339229980366225e-08
0.010673334865126805	0.0	2.8991073564768655e-08
0.010403064393142872	0.0	2.7701849569603105e-08
0.01013899826902909	0.0	2.6469027526908673e-08
0.009881013025043687	0.0	2.529018350867374e-08
0.00962898710579528	0.0	2.4162995737870925e-08
0.009382800854168597	0.0	2.3085240375936464e-08
0.009142336496865354	0.0	2.2054787479794732e-08
0.008907478129579453	0.0	2.1069597121789646e-08
0.008678111701825277	0.0	2.0127715666136692e-08
0.008454125001437463	0.0	1.9227272195751757e-08
0.008235407638760161	0.0	1.83664750835466e-08
0.008021851030543384	0.0	1.7543608702505987e-08
0.007813348383563661	0.0	1.6757030269078295e-08
0.007609794677985855	0.0	1.6005166814620358e-08
0.007411086650482574	0.0	1.528651227983838e-08
0.007217122777127258	0.0	1.4599624727360654e-08
0.007027803256076621	0.0	1.3943123667764298e-08
0.006843029990057762	0.0	1.3315687494557993e-08
0.006662706568674875	0.0	1.2716051023795716e-08
0.0064867382505501055	0.0	1.2143003134163035e-08
0.006315031945312746	0.0	1.1595384503538036e-08
0.006147496195450582	0.0	1.1072085438183271e-08
0.005984041158036832	0.0	1.0572043790873883e-08
0.005824578586345774	0.0	1.0094242964410105e-08
0.005669021811369778	0.0	9.637709997100176e-09
0.005517285723250101	0.0	9.201513726932232e-09
0.005369286752633491	0.0	8.784763031281381e-09
0.005224942851966238	0.0	8.386605139121008e-09
0.005084173476736996	0.0	8.00622401282551e-09
0.0049468995666793825	0.0	7.64283879676543e-09
0.004813043526944959	0.0	7.295702330005371e-09
0.004682529209256946	0.0	6.964099720520392e-09
0.004555281893054625	0.0	6.647346978447875e-09
0.004431228266638095	0.0	6.3447897059893235e-09
0.004310296408322742	0.0	6.055801841670324e-09
0.004192415767612418	0.0	5.779784456757073e-09
0.004077517146400067	0.0	5.516164601714634e-09
0.003965532680204204	0.0	5.264394200675532e-09
0.003856395819449355	0.0	5.023948991967553e-09
0.0037500413107982794	0.0	4.7943275128267605e-09
0.0036464051785434944	0.0	4.575050126496014e-09
0.0035454247060653465	0.0	4.365658089980592e-09
0.0034470384173635868	0.0	4.1657126608011856e-09
0.0033511860586691385	0.0	3.974794241150494e-09
0.0032578085801424662	0.0	3.7925015579231e-09
0.0031668481176646995	0.0	3.618450877149289e-09
0.0030782479747273987	0.0	3.4522752514220973e-09
0.002991952604426599	0.0	3.29362379896327e-09
0.0029079075915665127	0.0	3.1421610130279327e-09
0.0028260596348780344	0.0	2.997566100399903e-09
0.00274635652935695	0.0	2.8595323477795737e-09
0.002668747148726506	0.0	2.7277665149144342e-09
0.0025931814280287903	0.0	2.6019882533684816e-09
0.0025196103463491232	0.0	2.4819295498712243e-09
0.00244798590967746	0.0	2.3673341932296454e-09
0.00237826113391058	0.0	2.2579572638275e-09
0.0023103900279986384	0.0	2.153564644775737e-09
0.0022443275772394346	0.0	2.0539325538156776e-09
0.0021800297267235784	0.0	1.9588470951129644e-09
0.002117453364933517	0.0	1.868103830115217e-09
0.00205655630749921	0.0	1.7815073666799001e-09
0.0019972972811130502	0.0	1.6988709657111443e-09
0.0019396359076064532	0.0	1.620016164575212e-09
0.0018835326881903541	0.0	1.5447724165940508e-09
0.0018289489878616947	0.0	1.472976745944926e-09
0.0017758470199778025	0.0	1.4044734173215484e-09
0.001724189831000416	0.0	1.33911361973846e-09
0.0016739412854109479	0.0	1.2767551638857144e-09
0.0016250660507984242	0.0	1.2172621924651842e-09
0.0015775295831213978	0.0	1.1605049029631293e-09
0.0015312981121449849	0.0	1.1063592823360546e-09
0.001486338627054037	0.0	1.0547068531083638e-09
0.00144261886224333	0.0	1.0054344304009502e-09
0.0014001072832855177	0.0	9.584338894296639e-10
0.0013587730730774726	0.0	9.136019430316055e-10
0.0013185861181655178	0.0	8.708399287954353e-10
0.0012795169952499333	0.0	8.30053605389401e-10
0.001241536957869009	0.0	7.911529576975895e-10
0.0012046179232628042	0.0	7.540520103910361e-10
0.0011687324594166703	0.0	7.186686495758022e-10
0.0011338537722844916	0.0	6.849244521749783e-10
0.0010999556931914985	0.0	6.527445227158275e-10
0.0010670126664164145	0.0	6.220573372069476e-10
0.0010349997369526085	0.0	5.927945938034547e-10
0.0010038925384478331	0.0	5.648910699707746e-10
0.00097366728132205	0.0	5.382844858696996e-10
0.0009443007410627577	0.0	5.129153736969531e-10
0.0009157702466971666	0.0	4.887269527266139e-10
0.0008880536694404833	0.0	4.656650098084073e-10
0.0008611294115195049	0.0	4.436777850890933e-10
0.0008349763951706467	0.0	4.227158627329853e-10
0.0008095740518114712	0.0	4.027320664270332e-10
0.0007849023113847161	0.0	3.836813594649243e-10
0.0007609415918737661	0.0	3.655207492132989e-10
0.0007376727889884564	0.0	3.482091957714708e-10
0.0007150772660200361	0.0	3.317075246439938e-10
0.0006931368438640812	0.0	3.159783432530354e-10
0.0006718337912100861	0.0	3.0098596112483086e-10
0.0006511508148964272	0.0	2.866963135914969e-10
0.0006310710504293421	0.0	2.7307688885619957e-10
0.0006115780526645322	0.0	2.6009665827611484e-10
0.0005926557866499567	0.0	2.477260097237896e-10
0.0005742886186283492	0.0	2.3593668389343017e-10
0.000556461307197957	0.0	2.2470171342431673e-10
0.0005391589946299691	0.0	2.1399536471897698e-10
0.000522367198341072	0.0	2.0379308233896335e-10
0.0005060718025195446	0.0	1.9407143586607133e-10
0.000490259049903277	0.0	1.8480806912161984e-10
0.00047491553370807694	0.0	1.7598165164100107e-10
0.0004600281897046048	0.0	1.6757183230510096e-10
0.00044558428844225896	0.0	1.5955919503440024e-10
0.0004315714276183162	0.0	1.5192521645560117e-10
0.00041797752459061513	0.0	1.4465222545448875e-10
0.0004047908090320562	0.0	1.3772336453243832e-10
0.00039199981572517987	0.0	1.3112255288752807e-10
0.0003795933774950726	0.0	1.2483445114461385e-10
0.0003675606182788412	0.0	1.188444276619774e-10
0.0003558909463298879	0.0	1.1313852634527807e-10
0.0003445740475552102	0.0	1.0770343590252411e-10
0.0003335998789839467	0.0	1.0252646047663979e-10
0.000322958662365384	0.0	9.75954915949442e-11
0.000312640877894637	0.0	9.289898137748106e-11
0.00030263725806421396	0.0	8.842591694865195e-11
0.00029293878163967683	0.0	8.41657959990101e-11
0.00028353666775760776	0.0	8.010860344637736e-11
0.00027442237014409427	0.0	7.624478914765155e-11
0.0002655875714519489	0.0	7.256524661478477e-11
0.00025702417771488145	0.0	6.906129269043499e-11
0.00024872431291684876	0.0	6.572464814072973e-11
0.00024068031367480966	0.0	6.254741912443391e-11
0.00023288472403312164	0.0	5.95220794995893e-11
0.0002253302903678215	0.0	5.664145393039046e-11
0.0002180099563990407	0.0	5.3898701758689414e-11
0.0002109168583098151	0.0	5.1287301606076673e-11
0.0002040443199695575	0.0	4.8801036673976636e-11
0.00019738584826047264	0.0	4.6433980710620756e-11
0.0001909351285052041	0.0	4.418048461512695e-11
0.00018468601999401479	0.0	4.203516365021908e-11
0.0001786325516098138	0.0	3.999288523637073e-11
0.00017276891754935617	0.0	3.804875730135283e-11
0.00016708947313895362	0.0	3.6198117160309703e-11
0.00016158873074304992	0.0	3.443652090258257e-11
0.00015626135576402614	0.0	3.275973326254765e-11
0.00015110216273161802	0.0	3.1163717952738253e-11
0.00014610611148034052	0.0	2.964462843847947e-11
0.0001412683034133312	0.0	2.8198799134181305e-11
0.00013658397785103898	0.0	2.6822737002314326e-11
0.00013204850846320118	0.0	2.5513113536931063e-11
0.00012765739978256785	0.0	2.426675711439992e-11
0.00012340628379884876	0.0	2.308064569478655e-11
0.0001192909166313759	0.0	2.1951899858052447e-11
0.00011530717527899025	0.0	2.0877776159943458e-11
0.00011145105444568025	0.0	1.9855660793113026e-11
0.00010771866344051542	0.0	1.888306353966788e-11
0.0001041062231504376	0.0	1.795761200193879e-11
0.000100610063084489	0.0	1.707704609886676e-11
9.722661848807467e-05	0.0	1.6239212815957388e-11
9.395242752587542e-05	0.0	1.544206119729362e-11
9.078412853204439e-05	0.0	1.4683637568611198e-11
8.771845732633998e-05	0.0	1.3962080980932492e-11
8.475224459486517e-05	0.0	1.3275618864724472e-11
8.188241333410223e-05	0.0	1.2622562884995561e-11
7.910597635695006e-05	0.0	1.2001304988175839e-11
7.642003385949006e-05	0.0	1.141031363203545e-11
7.38217710472245e-05	0.0	1.084813019028869e-11
7.130845581955062e-05	0.0	1.0313365523906247e-11
6.887743651125108e-05	0.0	9.804696711516915e-12
6.652613968980111e-05	0.0	9.320863931622557e-12
6.42520680073101e-05	0.0	8.86066748967801e-12
6.205279810593431e-05	0.0	8.422964983400471e-12
5.992597857561557e-05	0.0	8.006668599972323e-12
5.786932796301925e-05	0.0	7.610742539087194e-12
5.58806328305626e-05	0.0	7.234200556062422e-12
5.395774586444322e-05	0.0	6.8761036195021726e-12
5.209858403059507e-05	0.0	6.5355576782450105e-12
5.030112677751739e-05	0.0	6.211711532568175e-12
4.856341428493998e-05	0.0	5.9037548048485835e-12
4.6883545757305645e-05	0.0	5.610916005098304e-12
4.525967776106852e-05	0.0	5.332460687000129e-12
4.369002260482426e-05	0.0	5.06768969026762e-12
4.2172846761305444e-05	0.0	4.815937465343722e-12
4.070646933029277e-05	0.0	4.576570476633417e-12
3.9289260541509675e-05	0.0	4.348985680639029e-12
3.791964029658484e-05	0.0	4.1326090755322665e-12
3.659607674918378e-05	0.0	3.926894318855088e-12
3.5317084922427456e-05	0.0	3.731321410192418e-12
3.4081225362731976e-05	0.0	3.5453954358038952e-12
3.288710282922e-05	0.0	3.368645372339512e-12
3.1733365017870296e-05	0.0	3.20062294689548e-12
3.061870131958801e-05	0.0	3.0409015507922393e-12
2.9541841611393715e-05	0.0	2.8890752045764298e-12
2.850155507994505e-05	0.0	2.744757571863147e-12
2.749664907661995e-05	0.0	2.6075810197441468e-12
2.65259680034058e-05	0.0	2.477195723592061e-12
2.558839222885367e-05	0.0	2.3532688141903717e-12
2.468283703337175e-05	0.0	2.2354835652140573e-12
2.3808251583146534e-05	0.0	2.1235386191767043e-12
2.2963617931994887e-05	0.0	2.0171472500466115e-12
2.214795005046423e-05	0.0	1.916036660817239e-12
2.1360292881512112e-05	0.0	1.819947314396414e-12
2.0599721422110354e-05	0.0	1.7286322962541653e-12
1.986533983013245e-05	0.0	1.6418567073411093e-12
1.9156280555896465e-05	0.0	1.5593970858580624e-12
1.8471703497748825e-05	0.0	1.4810408565231913e-12
1.7810795181087484e-05	0.0	1.4065858060456597e-12
1.717276796023572e-05	0.0	1.3358395835745084e-12
1.6556859242590594e-05	0.0	1.2686192249485755e-12
1.5962330734482367e-05	0.0	1.2047506996277086e-12
1.5388467708193622e-05	0.0	1.144068479237492e-12
1.4834578289598684e-05	0.0	1.0864151267093024e-12
1.429999276589597e-05	0.0	1.031640905044827e-12
1.3784062912917454e-05	0.0	9.796034047793225e-13
1.328616134151091e-05	0.0	9.301671892609943e-13
1.2805680862501941e-05	0.0	8.832034569049658e-13
1.2342033869753774e-05	0.0	8.385897196195387e-13
1.1894651740853805e-05	0.0	7.962094966398602e-13
1.1462984254966473e-05	0.0	7.559520230398122e-13
1.1046499027402645e-05	0.0	7.177119722269952e-13
1.0644680960465958e-05	0.0	6.813891917581665e-13
1.0257031710146733e-05	0.0	6.468884518434832e-13
9.883069168243997e-06	0.0	6.141192059374661e-13
9.52232695950598e-06	0.0	5.829953628427962e-13
9.174353953388974e-06	0.0	5.534350697799498e-13
8.838713790043896e-06	0.0	5.253605059013394e-13
8.514984420149128e-06	0.0	4.986976857530834e-13
8.202757658217236e-06	0.0	4.73376272210872e-13
7.901638749012085e-06	0.0	4.493293984386449e-13
7.611245946721558e-06	0.0	4.2649349844002025e-13
7.3312101065396254e-06	0.0	4.0480814579265377e-13
7.061174288319907e-06	0.0	3.8421590017500394e-13
6.800793371971037e-06	0.0	3.6466216131338257e-13
6.549733684272221e-06	0.0	3.460950299947165e-13
6.30767263679522e-06	0.0	3.284651758071782e-13
6.07429837462674e-06	0.0	3.117257112867937e-13
5.849309435592749e-06	0.0	2.9583207216334544e-13
5.632414419693663e-06	0.0	2.807419034133885e-13
5.423331668466574e-06	0.0	2.6641495084202195e-13
5.221788953997812e-06	0.0	2.528129579282341e-13
5.027523177316059e-06	0.0	2.3989956768120553e-13
4.84028007590306e-06	0.0	2.2764022926692663e-13
4.659813940065613e-06	0.0	2.1600210917590362e-13
4.4858873379190365e-06	0.0	2.0495400671360638e-13
4.31827084873869e-06	0.0	1.944662736056838e-13
4.156742804442357e-06	0.0	1.845107375198561e-13
4.0010890389723895e-06	0.0	1.7506062931581552e-13
3.851102645352475e-06	0.0	1.6609051384344594e-13
3.7065837401997305e-06	0.0	1.575762241182284e-13
3.5673392354785104e-06	0.0	1.49494798710855e-13
3.4331826172878937e-06	0.0	1.4182442219584457e-13
3.303933731480268e-06	0.0	1.3454436851135986e-13
3.1794185759137416e-06	0.0	1.27634947089481e-13
3.0594690991463164e-06	0.0	1.2107745162291609e-13
2.943923005384848e-06	0.0	1.1485411134053495e-13
2.8326235655067565e-06	0.0	1.0894804467021728e-13
2.725419433977338e-06	0.0	1.0334321517332254e-13
2.622164471490224e-06	0.0	9.802438964063014e-14
2.5227175731631924e-06	0.0	9.297709824487755e-14
2.4269425021260265e-06	0.0	8.818759665005307e-14
2.334707728341543e-06	0.0	8.364282998239156e-14
2.2458862725052024e-06	0.0	7.933039857258525e-14
2.1603555548729246e-06	0.0	7.523852538306929e-14
2.0779972488708274e-06	0.0	7.135602503838294e-14
1.9986971393446047e-06	0.0	6.767227438055247e-14
1.9223449853101727e-06	0.0	6.417718447519832e-14
1.8488343870710124e-06	0.0	6.086117399764818e-14
1.7780626575713558e-06	0.0	5.77151439317457e-14
1.7099306978579876e-06	0.0	5.4730453517290665e-14
1.644342876526965e-06	0.0	5.189889738513768e-14
1.5812069130350104e-06	0.0	4.9212683821924845e-14
